---
build/images/sociale-woningbouw-01-44211700.jpg: 2018-08-09 08:28:07.068940696 +02:00
build/images/edit-4f52cbe9.png: 2018-08-09 08:28:27.562243037 +02:00
build/images/search-5242027a.png: 2018-08-09 08:28:17.923542997 +02:00
build/images/eyeglasses-de8886e7.png: 2018-08-09 08:28:18.723275579 +02:00
build/images/van-gorsel-logo-dark-e5500676.png: 2018-08-09 08:29:00.221673033 +02:00
build/images/flag-cba4b222.png: 2018-08-09 08:28:33.220722805 +02:00
build/images/bouw-44b4996e.jpg: 2018-08-09 08:28:28.742705070 +02:00
build/images/zwempaviljoen-01-7294e40e.jpg: 2018-08-09 08:28:29.459624255 +02:00
build/images/test-f9e47900.png: 2018-08-09 08:28:29.592704003 +02:00
build/images/monumentale-huizen-zierikzee-01-fa3a5320.jpg: 2018-08-09 08:29:01.954734419
  +02:00
build/images/resume-8ed921e7.png: 2018-08-09 08:29:11.469040763 +02:00
build/images/vastgoed-badd59df.jpg: 2018-08-09 08:29:02.969580043 +02:00
build/images/homepage-banner-1070e895.jpg: 2018-08-09 08:29:04.026807918 +02:00
build/images/modern-plattelandshuis-zierikzee-01-fcef6217.jpg: 2018-08-09 08:29:02.732279736
  +02:00
build/images/favicon-f15af148.png: 2018-08-09 08:29:03.285485230 +02:00
build/images/ontwerp-71914921.jpg: 2018-08-09 08:29:13.009869056 +02:00
build/images/logo R-c62458ef.png: 2018-08-09 08:30:03.790223293 +02:00
build/images/van-gorsel-favicon-04d8c2f5.png: 2018-08-09 08:29:31.625102545 +02:00
build/images/van-gorsel-logo-light-e40550a6.png: 2018-08-09 08:29:57.062500335 +02:00
build/images/restyling-hugo-lens-01-2618b1cd.jpg: 2018-08-09 08:29:13.762042555 +02:00
build/images/notepad-8973012d.png: 2018-08-09 08:29:26.313118707 +02:00
build/images/notebook-4baabae9.png: 2018-08-09 08:30:09.558612262 +02:00
build/images/achtergrond-rudolfvangorsel-f05d08fb.jpg: 2018-08-09 00:08:27.685823746
  +02:00
build/images/praktijkruimte-01-bc57d98c.jpg: 2018-08-09 08:30:04.736924420 +02:00
build/images/portrait-placeholder-b085bb92.jpg: 2018-08-09 08:30:04.087161451 +02:00
build/images/herstel-dakconstructie-breda-01-28428a44.jpg: 2018-08-09 08:30:05.075178369
  +02:00
build/images/compacte-stadswoning-middelburg-01-85922504.jpg: 2018-08-09 08:30:11.499544499
  +02:00
