---
build/images/sociale-woningbouw-01-44211700.jpg: 2018-08-10 11:09:17.789437725 +02:00
build/images/edit-4f52cbe9.png: 2018-08-10 11:09:29.580260196 +02:00
build/images/search-5242027a.png: 2018-08-10 11:09:24.608237739 +02:00
build/images/eyeglasses-de8886e7.png: 2018-08-10 11:09:24.814100388 +02:00
build/images/van-gorsel-logo-dark-e5500676.png: 2018-08-10 11:10:06.990120365 +02:00
build/images/van-gorsel-favicon-c385bf93.png: 2018-08-10 11:09:39.372985673 +02:00
build/images/flag-cba4b222.png: 2018-08-10 11:09:40.207899455 +02:00
build/images/bouw-44b4996e.jpg: 2018-08-10 11:09:30.818151956 +02:00
build/images/zwempaviljoen-01-7294e40e.jpg: 2018-08-10 11:09:32.709756421 +02:00
build/images/test-f9e47900.png: 2018-08-10 11:10:08.032717535 +02:00
build/images/monumentale-huizen-zierikzee-01-fa3a5320.jpg: 2018-08-10 11:10:08.409170400
  +02:00
build/images/resume-8ed921e7.png: 2018-08-10 11:10:16.138720792 +02:00
build/images/vastgoed-badd59df.jpg: 2018-08-10 11:10:09.402619092 +02:00
build/images/homepage-banner-1070e895.jpg: 2018-08-10 11:10:11.122249635 +02:00
build/images/modern-plattelandshuis-zierikzee-01-fcef6217.jpg: 2018-08-10 11:10:09.249997403
  +02:00
build/images/ontwerp-71914921.jpg: 2018-08-10 11:10:10.636119410 +02:00
build/images/van-gorsel-logo-light-e40550a6.png: 2018-08-10 11:10:49.487107834 +02:00
build/images/restyling-hugo-lens-01-2618b1cd.jpg: 2018-08-10 11:10:16.887014405 +02:00
build/images/notepad-8973012d.png: 2018-08-10 11:10:25.090191670 +02:00
build/images/notebook-4baabae9.png: 2018-08-10 11:10:25.180325700 +02:00
build/images/achtergrond-rudolfvangorsel-f05d08fb.jpg: 2018-08-09 00:08:27.685823746
  +02:00
build/images/praktijkruimte-01-bc57d98c.jpg: 2018-08-10 11:10:50.423059684 +02:00
build/images/portrait-placeholder-b085bb92.jpg: 2018-08-10 11:10:49.695853613 +02:00
build/images/herstel-dakconstructie-breda-01-28428a44.jpg: 2018-08-10 11:10:50.571725866
  +02:00
build/images/compacte-stadswoning-middelburg-01-85922504.jpg: 2018-08-10 11:10:51.862408324
  +02:00
build/images/VanGorsel-Logo-743a031f.png: 2018-08-10 11:10:50.182251583 +02:00
