---
build/images/sociale-woningbouw-01-44211700.jpg: 2018-08-10 11:15:19.362566523 +02:00
build/images/edit-4f52cbe9.png: 2018-08-10 11:15:29.670269700 +02:00
build/images/search-5242027a.png: 2018-08-10 11:15:24.932108550 +02:00
build/images/eyeglasses-de8886e7.png: 2018-08-10 11:15:25.273632911 +02:00
build/images/van-gorsel-logo-dark-e5500676.png: 2018-08-10 11:15:59.893204816 +02:00
build/images/van-gorsel-favicon-c385bf93.png: 2018-08-10 11:15:39.206586515 +02:00
build/images/flag-cba4b222.png: 2018-08-10 11:15:39.982847421 +02:00
build/images/bouw-44b4996e.jpg: 2018-08-10 11:15:30.799253820 +02:00
build/images/zwempaviljoen-01-7294e40e.jpg: 2018-08-10 11:15:32.831009263 +02:00
build/images/test-f9e47900.png: 2018-08-10 11:16:00.780332402 +02:00
build/images/monumentale-huizen-zierikzee-01-fa3a5320.jpg: 2018-08-10 11:16:01.100791510
  +02:00
build/images/resume-8ed921e7.png: 2018-08-10 11:16:08.660854279 +02:00
build/images/vastgoed-badd59df.jpg: 2018-08-10 11:16:02.044011060 +02:00
build/images/homepage-banner-1070e895.jpg: 2018-08-10 11:16:03.666829638 +02:00
build/images/modern-plattelandshuis-zierikzee-01-fcef6217.jpg: 2018-08-10 11:16:01.877043096
  +02:00
build/images/ontwerp-71914921.jpg: 2018-08-10 11:16:03.193763705 +02:00
build/images/van-gorsel-logo-light-e40550a6.png: 2018-08-10 11:16:42.428219879 +02:00
build/images/restyling-hugo-lens-01-2618b1cd.jpg: 2018-08-10 11:16:09.408055356 +02:00
build/images/notepad-8973012d.png: 2018-08-10 11:16:17.402566276 +02:00
build/images/notebook-4baabae9.png: 2018-08-10 11:16:17.386436251 +02:00
build/images/achtergrond-rudolfvangorsel-f05d08fb.jpg: 2018-08-09 00:08:27.685823746
  +02:00
build/images/praktijkruimte-01-bc57d98c.jpg: 2018-08-10 11:16:43.344733963 +02:00
build/images/portrait-placeholder-b085bb92.jpg: 2018-08-10 11:16:42.689368993 +02:00
build/images/herstel-dakconstructie-breda-01-28428a44.jpg: 2018-08-10 11:16:43.500708758
  +02:00
build/images/compacte-stadswoning-middelburg-01-85922504.jpg: 2018-08-10 11:16:44.758129103
  +02:00
build/images/VanGorsel-Logo-743a031f.png: 2018-08-10 11:16:43.103063916 +02:00
