---
build/images/sociale-woningbouw-01-44211700.jpg: 2018-08-08 16:16:59.682696813 +02:00
build/images/edit-4f52cbe9.png: 2018-08-08 16:17:07.883593442 +02:00
build/images/search-5242027a.png: 2018-08-08 16:17:04.300160513 +02:00
build/images/eyeglasses-de8886e7.png: 2018-08-08 16:17:04.598270387 +02:00
build/images/flag-cba4b222.png: 2018-08-08 16:17:09.452319944 +02:00
build/images/bouw-44b4996e.jpg: 2018-08-08 16:17:05.657350468 +02:00
build/images/zwempaviljoen-01-7294e40e.jpg: 2018-08-08 16:17:09.853164041 +02:00
build/images/test-f9e47900.png: 2018-08-08 16:17:08.920983381 +02:00
build/images/monumentale-huizen-zierikzee-01-fa3a5320.jpg: 2018-08-08 16:17:09.192483469
  +02:00
build/images/resume-8ed921e7.png: 2018-08-08 16:17:18.148679328 +02:00
build/images/vastgoed-badd59df.jpg: 2018-08-08 16:17:11.623277500 +02:00
build/images/homepage-banner-1070e895.jpg: 2018-08-08 16:17:12.526363387 +02:00
build/images/modern-plattelandshuis-zierikzee-01-fcef6217.jpg: 2018-08-08 16:17:10.588996921
  +02:00
build/images/favicon-f15af148.png: 2018-08-08 16:17:11.124101085 +02:00
build/images/ontwerp-71914921.jpg: 2018-08-08 16:17:19.626634015 +02:00
build/images/restyling-hugo-lens-01-2618b1cd.jpg: 2018-08-08 16:17:18.924305835 +02:00
build/images/notepad-8973012d.png: 2018-08-08 16:17:29.198459933 +02:00
build/images/notebook-4baabae9.png: 2018-08-08 16:17:29.066941484 +02:00
build/images/praktijkruimte-01-bc57d98c.jpg: 2018-08-08 16:17:19.806211258 +02:00
build/images/portrait-placeholder-b085bb92.jpg: 2018-08-08 16:17:19.824305762 +02:00
build/images/bvbd-logo-dark-e5500676.png: 2018-08-08 16:17:57.725865260 +02:00
build/images/herstel-dakconstructie-breda-01-28428a44.jpg: 2018-08-08 16:17:30.263449570
  +02:00
build/images/compacte-stadswoning-middelburg-01-85922504.jpg: 2018-08-08 16:17:32.086942875
  +02:00
build/images/bvbd-favicon-959bab5d.png: 2018-08-08 16:17:32.498502517 +02:00
build/images/bvbd-logo-light-e40550a6.png: 2018-08-08 16:18:03.078890339 +02:00
