---
build/images/sociale-woningbouw-01-44211700.jpg: 2018-08-09 00:08:32.128709013 +02:00
build/images/edit-4f52cbe9.png: 2018-08-09 00:08:40.715305070 +02:00
build/images/search-5242027a.png: 2018-08-09 00:08:36.791979799 +02:00
build/images/eyeglasses-de8886e7.png: 2018-08-09 00:08:37.069200718 +02:00
build/images/van-gorsel-logo-dark-e5500676.png: 2018-08-09 00:09:04.845228396 +02:00
build/images/flag-cba4b222.png: 2018-08-09 00:08:44.998388099 +02:00
build/images/bouw-44b4996e.jpg: 2018-08-09 00:08:41.740001812 +02:00
build/images/zwempaviljoen-01-7294e40e.jpg: 2018-08-09 00:08:42.381495246 +02:00
build/images/test-f9e47900.png: 2018-08-09 00:08:42.468643379 +02:00
build/images/monumentale-huizen-zierikzee-01-fa3a5320.jpg: 2018-08-09 00:09:05.958080813
  +02:00
build/images/resume-8ed921e7.png: 2018-08-09 00:09:12.713579426 +02:00
build/images/vastgoed-badd59df.jpg: 2018-08-09 00:09:06.768376758 +02:00
build/images/homepage-banner-1070e895.jpg: 2018-08-09 00:09:07.329125913 +02:00
build/images/modern-plattelandshuis-zierikzee-01-fcef6217.jpg: 2018-08-09 00:09:06.585631638
  +02:00
build/images/favicon-f15af148.png: 2018-08-09 00:09:07.010405480 +02:00
build/images/ontwerp-71914921.jpg: 2018-08-09 00:09:14.277317814 +02:00
build/images/logo R-c62458ef.png: 2018-08-09 00:09:56.947964603 +02:00
build/images/van-gorsel-favicon-04d8c2f5.png: 2018-08-09 00:09:27.853521684 +02:00
build/images/van-gorsel-logo-light-e40550a6.png: 2018-08-09 00:09:50.175387855 +02:00
build/images/restyling-hugo-lens-01-2618b1cd.jpg: 2018-08-09 00:09:14.950091777 +02:00
build/images/notepad-8973012d.png: 2018-08-09 00:09:24.483914617 +02:00
build/images/notebook-4baabae9.png: 2018-08-09 00:10:02.497276076 +02:00
build/images/achtergrond-rudolfvangorsel-f05d08fb.jpg: 2018-08-09 00:08:27.685823746
  +02:00
build/images/praktijkruimte-01-bc57d98c.jpg: 2018-08-09 00:09:57.784941829 +02:00
build/images/portrait-placeholder-b085bb92.jpg: 2018-08-09 00:09:57.135506383 +02:00
build/images/herstel-dakconstructie-breda-01-28428a44.jpg: 2018-08-09 00:09:58.075394894
  +02:00
build/images/compacte-stadswoning-middelburg-01-85922504.jpg: 2018-08-09 00:10:04.375657025
  +02:00
