---
build/images/sociale-woningbouw-01-44211700.jpg: 2018-08-09 22:58:26.544516986 +02:00
build/images/edit-4f52cbe9.png: 2018-08-09 22:58:35.118239406 +02:00
build/images/search-5242027a.png: 2018-08-09 22:58:31.271235160 +02:00
build/images/eyeglasses-de8886e7.png: 2018-08-09 22:58:31.575722930 +02:00
build/images/van-gorsel-logo-dark-e5500676.png: 2018-08-09 22:59:01.441281887 +02:00
build/images/van-gorsel-favicon-c385bf93.png: 2018-08-09 22:58:42.759206971 +02:00
build/images/flag-cba4b222.png: 2018-08-09 22:58:43.331103812 +02:00
build/images/bouw-44b4996e.jpg: 2018-08-09 22:58:36.125255220 +02:00
build/images/zwempaviljoen-01-7294e40e.jpg: 2018-08-09 22:58:37.742238843 +02:00
build/images/test-f9e47900.png: 2018-08-09 22:59:02.229181075 +02:00
build/images/monumentale-huizen-zierikzee-01-fa3a5320.jpg: 2018-08-09 22:59:02.545250780
  +02:00
build/images/resume-8ed921e7.png: 2018-08-09 22:59:09.518052388 +02:00
build/images/vastgoed-badd59df.jpg: 2018-08-09 22:59:03.355893050 +02:00
build/images/homepage-banner-1070e895.jpg: 2018-08-09 22:59:04.831683300 +02:00
build/images/modern-plattelandshuis-zierikzee-01-fcef6217.jpg: 2018-08-09 22:59:03.198652957
  +02:00
build/images/ontwerp-71914921.jpg: 2018-08-09 22:59:04.389546483 +02:00
build/images/van-gorsel-logo-light-e40550a6.png: 2018-08-09 22:59:40.975615511 +02:00
build/images/restyling-hugo-lens-01-2618b1cd.jpg: 2018-08-09 22:59:10.198745608 +02:00
build/images/notepad-8973012d.png: 2018-08-09 22:59:17.144808756 +02:00
build/images/notebook-4baabae9.png: 2018-08-09 22:59:17.214723510 +02:00
build/images/achtergrond-rudolfvangorsel-f05d08fb.jpg: 2018-08-09 00:08:27.685823746
  +02:00
build/images/praktijkruimte-01-bc57d98c.jpg: 2018-08-09 22:59:42.089846240 +02:00
build/images/portrait-placeholder-b085bb92.jpg: 2018-08-09 22:59:41.425353707 +02:00
build/images/herstel-dakconstructie-breda-01-28428a44.jpg: 2018-08-09 22:59:42.257276098
  +02:00
build/images/compacte-stadswoning-middelburg-01-85922504.jpg: 2018-08-09 22:59:43.804287039
  +02:00
build/images/VanGorsel-Logo-743a031f.png: 2018-08-09 22:59:41.991520375 +02:00
