---
build/images/sociale-woningbouw-01-44211700.jpg: 2018-08-10 15:03:32.389446440 +02:00
build/images/edit-4f52cbe9.png: 2018-08-10 15:03:43.234419665 +02:00
build/images/search-5242027a.png: 2018-08-10 15:03:38.285705848 +02:00
build/images/eyeglasses-de8886e7.png: 2018-08-10 15:03:38.623079869 +02:00
build/images/van-gorsel-logo-dark-e5500676.png: 2018-08-10 15:04:14.180692699 +02:00
build/images/van-gorsel-favicon-c385bf93.png: 2018-08-10 15:03:53.755894398 +02:00
build/images/flag-cba4b222.png: 2018-08-10 15:03:54.787896631 +02:00
build/images/bouw-44b4996e.jpg: 2018-08-10 15:03:44.413461971 +02:00
build/images/zwempaviljoen-01-7294e40e.jpg: 2018-08-10 15:03:46.508018193 +02:00
build/images/test-f9e47900.png: 2018-08-10 15:04:15.382216297 +02:00
build/images/monumentale-huizen-zierikzee-01-fa3a5320.jpg: 2018-08-10 15:04:15.574106194
  +02:00
build/images/resume-8ed921e7.png: 2018-08-10 15:04:23.184506978 +02:00
build/images/vastgoed-badd59df.jpg: 2018-08-10 15:04:16.484459826 +02:00
build/images/homepage-banner-1070e895.jpg: 2018-08-10 15:04:18.119938147 +02:00
build/images/modern-plattelandshuis-zierikzee-01-fcef6217.jpg: 2018-08-10 15:04:16.544493588
  +02:00
build/images/ontwerp-71914921.jpg: 2018-08-10 15:04:17.741671427 +02:00
build/images/van-gorsel-logo-light-e40550a6.png: 2018-08-10 15:05:02.411503583 +02:00
build/images/restyling-hugo-lens-01-2618b1cd.jpg: 2018-08-10 15:04:23.878570512 +02:00
build/images/notepad-8973012d.png: 2018-08-10 15:04:31.548769547 +02:00
build/images/notebook-4baabae9.png: 2018-08-10 15:04:31.497996657 +02:00
build/images/achtergrond-rudolfvangorsel-f05d08fb.jpg: 2018-08-09 00:08:27.685823746
  +02:00
build/images/praktijkruimte-01-bc57d98c.jpg: 2018-08-10 15:05:03.663929142 +02:00
build/images/portrait-placeholder-b085bb92.jpg: 2018-08-10 15:05:02.986653810 +02:00
build/images/herstel-dakconstructie-breda-01-28428a44.jpg: 2018-08-10 15:05:03.755566835
  +02:00
build/images/compacte-stadswoning-middelburg-01-85922504.jpg: 2018-08-10 15:05:05.359202848
  +02:00
build/images/VanGorsel-Logo-743a031f.png: 2018-08-10 15:05:03.642779587 +02:00
