---
build/images/sociale-woningbouw-01-44211700.jpg: 2018-08-09 22:34:27.669835762 +02:00
build/images/edit-4f52cbe9.png: 2018-08-09 22:34:40.145493995 +02:00
build/images/search-5242027a.png: 2018-08-09 22:34:34.611173539 +02:00
build/images/eyeglasses-de8886e7.png: 2018-08-09 22:34:34.706088694 +02:00
build/images/van-gorsel-logo-dark-e5500676.png: 2018-08-09 22:35:08.640998922 +02:00
build/images/van-gorsel-favicon-c385bf93.png: 2018-08-09 22:34:49.180236788 +02:00
build/images/flag-cba4b222.png: 2018-08-09 22:34:49.952688172 +02:00
build/images/bouw-44b4996e.jpg: 2018-08-09 22:34:41.355909992 +02:00
build/images/zwempaviljoen-01-7294e40e.jpg: 2018-08-09 22:34:43.240787151 +02:00
build/images/test-f9e47900.png: 2018-08-09 22:35:09.434154357 +02:00
build/images/monumentale-huizen-zierikzee-01-fa3a5320.jpg: 2018-08-09 22:35:09.769763093
  +02:00
build/images/resume-8ed921e7.png: 2018-08-09 22:35:16.827467563 +02:00
build/images/vastgoed-badd59df.jpg: 2018-08-09 22:35:10.624756927 +02:00
build/images/homepage-banner-1070e895.jpg: 2018-08-09 22:35:12.134462208 +02:00
build/images/modern-plattelandshuis-zierikzee-01-fcef6217.jpg: 2018-08-09 22:35:10.442062662
  +02:00
build/images/ontwerp-71914921.jpg: 2018-08-09 22:35:11.690504105 +02:00
build/images/van-gorsel-logo-light-e40550a6.png: 2018-08-09 22:35:48.803452261 +02:00
build/images/restyling-hugo-lens-01-2618b1cd.jpg: 2018-08-09 22:35:17.544726632 +02:00
build/images/notepad-8973012d.png: 2018-08-09 22:35:24.653482003 +02:00
build/images/notebook-4baabae9.png: 2018-08-09 22:35:24.612473140 +02:00
build/images/achtergrond-rudolfvangorsel-f05d08fb.jpg: 2018-08-09 00:08:27.685823746
  +02:00
build/images/praktijkruimte-01-bc57d98c.jpg: 2018-08-09 22:35:49.684746894 +02:00
build/images/portrait-placeholder-b085bb92.jpg: 2018-08-09 22:35:49.077214336 +02:00
build/images/herstel-dakconstructie-breda-01-28428a44.jpg: 2018-08-09 22:35:49.850527368
  +02:00
build/images/compacte-stadswoning-middelburg-01-85922504.jpg: 2018-08-09 22:35:51.089465016
  +02:00
build/images/VanGorsel-Logo-743a031f.png: 2018-08-09 22:35:49.462853571 +02:00
