---
build/images/sociale-woningbouw-01-44211700.jpg: 2018-08-10 14:58:23.398415091 +02:00
build/images/edit-4f52cbe9.png: 2018-08-10 14:58:31.900329451 +02:00
build/images/search-5242027a.png: 2018-08-10 14:58:28.074938344 +02:00
build/images/eyeglasses-de8886e7.png: 2018-08-10 14:58:28.329680644 +02:00
build/images/van-gorsel-logo-dark-e5500676.png: 2018-08-10 14:58:58.411939124 +02:00
build/images/van-gorsel-favicon-c385bf93.png: 2018-08-10 14:58:39.681101630 +02:00
build/images/flag-cba4b222.png: 2018-08-10 14:58:40.087640488 +02:00
build/images/bouw-44b4996e.jpg: 2018-08-10 14:58:32.932530506 +02:00
build/images/zwempaviljoen-01-7294e40e.jpg: 2018-08-10 14:58:34.583013796 +02:00
build/images/test-f9e47900.png: 2018-08-10 14:58:59.171467293 +02:00
build/images/monumentale-huizen-zierikzee-01-fa3a5320.jpg: 2018-08-10 14:58:59.520140557
  +02:00
build/images/resume-8ed921e7.png: 2018-08-10 14:59:06.408035436 +02:00
build/images/vastgoed-badd59df.jpg: 2018-08-10 14:59:00.338809140 +02:00
build/images/homepage-banner-1070e895.jpg: 2018-08-10 14:59:01.769682604 +02:00
build/images/modern-plattelandshuis-zierikzee-01-fcef6217.jpg: 2018-08-10 14:59:00.137718971
  +02:00
build/images/ontwerp-71914921.jpg: 2018-08-10 14:59:01.333557193 +02:00
build/images/van-gorsel-logo-light-e40550a6.png: 2018-08-10 14:59:46.421486686 +02:00
build/images/restyling-hugo-lens-01-2618b1cd.jpg: 2018-08-10 14:59:07.342527402 +02:00
build/images/notepad-8973012d.png: 2018-08-10 14:59:14.868195643 +02:00
build/images/notebook-4baabae9.png: 2018-08-10 14:59:14.890359730 +02:00
build/images/achtergrond-rudolfvangorsel-f05d08fb.jpg: 2018-08-09 00:08:27.685823746
  +02:00
build/images/praktijkruimte-01-bc57d98c.jpg: 2018-08-10 14:59:47.471099581 +02:00
build/images/portrait-placeholder-b085bb92.jpg: 2018-08-10 14:59:46.722007450 +02:00
build/images/herstel-dakconstructie-breda-01-28428a44.jpg: 2018-08-10 14:59:47.646412704
  +02:00
build/images/compacte-stadswoning-middelburg-01-85922504.jpg: 2018-08-10 14:59:49.119888192
  +02:00
build/images/VanGorsel-Logo-743a031f.png: 2018-08-10 14:59:47.435649024 +02:00
