---
build/images/sociale-woningbouw-01-44211700.jpg: 2018-08-09 08:35:34.477376135 +02:00
build/images/edit-4f52cbe9.png: 2018-08-09 08:35:43.710739538 +02:00
build/images/search-5242027a.png: 2018-08-09 08:35:39.491836590 +02:00
build/images/eyeglasses-de8886e7.png: 2018-08-09 08:35:39.737224568 +02:00
build/images/van-gorsel-logo-dark-e5500676.png: 2018-08-09 08:36:15.118111110 +02:00
build/images/flag-cba4b222.png: 2018-08-09 08:35:48.266694221 +02:00
build/images/bouw-44b4996e.jpg: 2018-08-09 08:35:44.761718700 +02:00
build/images/zwempaviljoen-01-7294e40e.jpg: 2018-08-09 08:35:45.446164882 +02:00
build/images/test-f9e47900.png: 2018-08-09 08:35:45.523364292 +02:00
build/images/monumentale-huizen-zierikzee-01-fa3a5320.jpg: 2018-08-09 08:36:16.503165359
  +02:00
build/images/resume-8ed921e7.png: 2018-08-09 08:36:28.184177807 +02:00
build/images/vastgoed-badd59df.jpg: 2018-08-09 08:36:18.136565725 +02:00
build/images/homepage-banner-1070e895.jpg: 2018-08-09 08:36:19.179863488 +02:00
build/images/modern-plattelandshuis-zierikzee-01-fcef6217.jpg: 2018-08-09 08:36:17.494357105
  +02:00
build/images/favicon-f15af148.png: 2018-08-09 08:36:18.403248494 +02:00
build/images/ontwerp-71914921.jpg: 2018-08-09 08:36:30.705095740 +02:00
build/images/logo R-c62458ef.png: 2018-08-09 08:37:33.545874986 +02:00
build/images/van-gorsel-favicon-04d8c2f5.png: 2018-08-09 08:36:50.046846303 +02:00
build/images/van-gorsel-logo-light-e40550a6.png: 2018-08-09 08:37:26.910264026 +02:00
build/images/restyling-hugo-lens-01-2618b1cd.jpg: 2018-08-09 08:36:31.503754475 +02:00
build/images/notepad-8973012d.png: 2018-08-09 08:36:44.840643542 +02:00
build/images/notebook-4baabae9.png: 2018-08-09 08:37:39.974259553 +02:00
build/images/achtergrond-rudolfvangorsel-f05d08fb.jpg: 2018-08-09 00:08:27.685823746
  +02:00
build/images/praktijkruimte-01-bc57d98c.jpg: 2018-08-09 08:37:34.863884942 +02:00
build/images/portrait-placeholder-b085bb92.jpg: 2018-08-09 08:37:33.822230235 +02:00
build/images/herstel-dakconstructie-breda-01-28428a44.jpg: 2018-08-09 08:37:35.189927406
  +02:00
build/images/compacte-stadswoning-middelburg-01-85922504.jpg: 2018-08-09 08:37:41.966331999
  +02:00
