---
build/images/sociale-woningbouw-01-44211700.jpg: 2018-08-10 15:17:41.971944690 +02:00
build/images/edit-4f52cbe9.png: 2018-08-10 15:17:50.923266569 +02:00
build/images/search-5242027a.png: 2018-08-10 15:17:46.837356078 +02:00
build/images/eyeglasses-de8886e7.png: 2018-08-10 15:17:47.209017745 +02:00
build/images/van-gorsel-logo-dark-e5500676.png: 2018-08-10 15:18:21.095204083 +02:00
build/images/van-gorsel-favicon-c385bf93.png: 2018-08-10 15:17:59.173210429 +02:00
build/images/flag-cba4b222.png: 2018-08-10 15:17:59.915672312 +02:00
build/images/bouw-44b4996e.jpg: 2018-08-10 15:17:51.980744861 +02:00
build/images/zwempaviljoen-01-7294e40e.jpg: 2018-08-10 15:17:53.664318125 +02:00
build/images/test-f9e47900.png: 2018-08-10 15:18:22.054914932 +02:00
build/images/monumentale-huizen-zierikzee-01-fa3a5320.jpg: 2018-08-10 15:18:22.434536140
  +02:00
build/images/resume-8ed921e7.png: 2018-08-10 15:18:31.213228888 +02:00
build/images/vastgoed-badd59df.jpg: 2018-08-10 15:18:23.298313949 +02:00
build/images/homepage-banner-1070e895.jpg: 2018-08-10 15:18:25.089082172 +02:00
build/images/modern-plattelandshuis-zierikzee-01-fcef6217.jpg: 2018-08-10 15:18:23.230668964
  +02:00
build/images/ontwerp-71914921.jpg: 2018-08-10 15:18:24.586511155 +02:00
build/images/van-gorsel-logo-light-e40550a6.png: 2018-08-10 15:19:07.547397048 +02:00
build/images/restyling-hugo-lens-01-2618b1cd.jpg: 2018-08-10 15:18:31.944097854 +02:00
build/images/notepad-8973012d.png: 2018-08-10 15:18:39.871485727 +02:00
build/images/notebook-4baabae9.png: 2018-08-10 15:18:39.831092612 +02:00
build/images/achtergrond-rudolfvangorsel-f05d08fb.jpg: 2018-08-09 00:08:27.685823746
  +02:00
build/images/praktijkruimte-01-bc57d98c.jpg: 2018-08-10 15:19:08.402267431 +02:00
build/images/portrait-placeholder-b085bb92.jpg: 2018-08-10 15:19:07.794565313 +02:00
build/images/herstel-dakconstructie-breda-01-28428a44.jpg: 2018-08-10 15:19:08.530484221
  +02:00
build/images/compacte-stadswoning-middelburg-01-85922504.jpg: 2018-08-10 15:19:09.754792510
  +02:00
build/images/VanGorsel-Logo-743a031f.png: 2018-08-10 15:19:08.176239980 +02:00
