---
build/images/sociale-woningbouw-01-44211700.jpg: 2018-08-10 14:53:51.619203605 +02:00
build/images/edit-4f52cbe9.png: 2018-08-10 14:54:08.529316609 +02:00
build/images/search-5242027a.png: 2018-08-10 14:54:00.434352726 +02:00
build/images/eyeglasses-de8886e7.png: 2018-08-10 14:54:00.414225199 +02:00
build/images/van-gorsel-logo-dark-e5500676.png: 2018-08-10 14:54:41.802805697 +02:00
build/images/van-gorsel-favicon-c385bf93.png: 2018-08-10 14:54:18.581678424 +02:00
build/images/flag-cba4b222.png: 2018-08-10 14:54:19.442212313 +02:00
build/images/bouw-44b4996e.jpg: 2018-08-10 14:54:09.864814953 +02:00
build/images/zwempaviljoen-01-7294e40e.jpg: 2018-08-10 14:54:11.794547887 +02:00
build/images/test-f9e47900.png: 2018-08-10 14:54:42.724050649 +02:00
build/images/monumentale-huizen-zierikzee-01-fa3a5320.jpg: 2018-08-10 14:54:43.101593899
  +02:00
build/images/resume-8ed921e7.png: 2018-08-10 14:54:50.514697057 +02:00
build/images/vastgoed-badd59df.jpg: 2018-08-10 14:54:43.902642914 +02:00
build/images/homepage-banner-1070e895.jpg: 2018-08-10 14:54:45.497529379 +02:00
build/images/modern-plattelandshuis-zierikzee-01-fcef6217.jpg: 2018-08-10 14:54:43.742276172
  +02:00
build/images/ontwerp-71914921.jpg: 2018-08-10 14:54:44.977936696 +02:00
build/images/van-gorsel-logo-light-e40550a6.png: 2018-08-10 14:55:23.943418084 +02:00
build/images/restyling-hugo-lens-01-2618b1cd.jpg: 2018-08-10 14:54:51.244497840 +02:00
build/images/notepad-8973012d.png: 2018-08-10 14:54:59.362479603 +02:00
build/images/notebook-4baabae9.png: 2018-08-10 14:54:59.291702555 +02:00
build/images/achtergrond-rudolfvangorsel-f05d08fb.jpg: 2018-08-09 00:08:27.685823746
  +02:00
build/images/praktijkruimte-01-bc57d98c.jpg: 2018-08-10 14:55:24.930750668 +02:00
build/images/portrait-placeholder-b085bb92.jpg: 2018-08-10 14:55:24.239916271 +02:00
build/images/herstel-dakconstructie-breda-01-28428a44.jpg: 2018-08-10 14:55:25.110827991
  +02:00
build/images/compacte-stadswoning-middelburg-01-85922504.jpg: 2018-08-10 14:55:26.513485440
  +02:00
build/images/VanGorsel-Logo-743a031f.png: 2018-08-10 14:55:24.678782812 +02:00
