---
build/images/sociale-woningbouw-01-44211700.jpg: 2018-08-09 00:16:54.965979043 +02:00
build/images/edit-4f52cbe9.png: 2018-08-09 00:17:03.552425078 +02:00
build/images/search-5242027a.png: 2018-08-09 00:16:59.600933336 +02:00
build/images/eyeglasses-de8886e7.png: 2018-08-09 00:16:59.945331080 +02:00
build/images/van-gorsel-logo-dark-e5500676.png: 2018-08-09 00:17:27.752751351 +02:00
build/images/flag-cba4b222.png: 2018-08-09 00:17:07.895853216 +02:00
build/images/bouw-44b4996e.jpg: 2018-08-09 00:17:04.602764888 +02:00
build/images/zwempaviljoen-01-7294e40e.jpg: 2018-08-09 00:17:05.217784295 +02:00
build/images/test-f9e47900.png: 2018-08-09 00:17:05.335883735 +02:00
build/images/monumentale-huizen-zierikzee-01-fa3a5320.jpg: 2018-08-09 00:17:28.871421050
  +02:00
build/images/resume-8ed921e7.png: 2018-08-09 00:17:35.438276486 +02:00
build/images/vastgoed-badd59df.jpg: 2018-08-09 00:17:29.682041345 +02:00
build/images/homepage-banner-1070e895.jpg: 2018-08-09 00:17:30.206426896 +02:00
build/images/modern-plattelandshuis-zierikzee-01-fcef6217.jpg: 2018-08-09 00:17:29.494116059
  +02:00
build/images/favicon-f15af148.png: 2018-08-09 00:17:29.916475380 +02:00
build/images/ontwerp-71914921.jpg: 2018-08-09 00:17:36.810162979 +02:00
build/images/logo R-c62458ef.png: 2018-08-09 00:18:19.611415050 +02:00
build/images/van-gorsel-favicon-04d8c2f5.png: 2018-08-09 00:17:52.027394383 +02:00
build/images/van-gorsel-logo-light-e40550a6.png: 2018-08-09 00:18:12.796471950 +02:00
build/images/restyling-hugo-lens-01-2618b1cd.jpg: 2018-08-09 00:17:37.633872248 +02:00
build/images/notepad-8973012d.png: 2018-08-09 00:17:48.454905609 +02:00
build/images/notebook-4baabae9.png: 2018-08-09 00:18:25.166161314 +02:00
build/images/achtergrond-rudolfvangorsel-f05d08fb.jpg: 2018-08-09 00:08:27.685823746
  +02:00
build/images/praktijkruimte-01-bc57d98c.jpg: 2018-08-09 00:18:20.462655421 +02:00
build/images/portrait-placeholder-b085bb92.jpg: 2018-08-09 00:18:19.820851217 +02:00
build/images/herstel-dakconstructie-breda-01-28428a44.jpg: 2018-08-09 00:18:20.736205326
  +02:00
build/images/compacte-stadswoning-middelburg-01-85922504.jpg: 2018-08-09 00:18:27.062516844
  +02:00
