---
build/images/sociale-woningbouw-01-44211700.jpg: 2018-08-09 22:46:42.797990541 +02:00
build/images/edit-4f52cbe9.png: 2018-08-09 22:46:51.382924188 +02:00
build/images/search-5242027a.png: 2018-08-09 22:46:47.442812695 +02:00
build/images/eyeglasses-de8886e7.png: 2018-08-09 22:46:47.705795868 +02:00
build/images/van-gorsel-logo-dark-e5500676.png: 2018-08-09 22:47:17.960277866 +02:00
build/images/van-gorsel-favicon-c385bf93.png: 2018-08-09 22:46:59.226978364 +02:00
build/images/flag-cba4b222.png: 2018-08-09 22:46:59.765334077 +02:00
build/images/bouw-44b4996e.jpg: 2018-08-09 22:46:52.424690698 +02:00
build/images/zwempaviljoen-01-7294e40e.jpg: 2018-08-09 22:46:54.093645106 +02:00
build/images/test-f9e47900.png: 2018-08-09 22:47:18.742877746 +02:00
build/images/monumentale-huizen-zierikzee-01-fa3a5320.jpg: 2018-08-09 22:47:19.077428545
  +02:00
build/images/resume-8ed921e7.png: 2018-08-09 22:47:26.710903167 +02:00
build/images/vastgoed-badd59df.jpg: 2018-08-09 22:47:19.879762849 +02:00
build/images/homepage-banner-1070e895.jpg: 2018-08-09 22:47:21.548824553 +02:00
build/images/modern-plattelandshuis-zierikzee-01-fcef6217.jpg: 2018-08-09 22:47:19.714193621
  +02:00
build/images/ontwerp-71914921.jpg: 2018-08-09 22:47:20.927672263 +02:00
build/images/van-gorsel-logo-light-e40550a6.png: 2018-08-09 22:47:58.539894724 +02:00
build/images/restyling-hugo-lens-01-2618b1cd.jpg: 2018-08-09 22:47:27.433535580 +02:00
build/images/notepad-8973012d.png: 2018-08-09 22:47:34.754689728 +02:00
build/images/notebook-4baabae9.png: 2018-08-09 22:47:34.627579388 +02:00
build/images/achtergrond-rudolfvangorsel-f05d08fb.jpg: 2018-08-09 00:08:27.685823746
  +02:00
build/images/praktijkruimte-01-bc57d98c.jpg: 2018-08-09 22:47:59.366921418 +02:00
build/images/portrait-placeholder-b085bb92.jpg: 2018-08-09 22:47:58.752448125 +02:00
build/images/herstel-dakconstructie-breda-01-28428a44.jpg: 2018-08-09 22:47:59.575388600
  +02:00
build/images/compacte-stadswoning-middelburg-01-85922504.jpg: 2018-08-09 22:48:00.754755736
  +02:00
build/images/VanGorsel-Logo-743a031f.png: 2018-08-09 22:47:59.105291963 +02:00
